# Created by Octave 4.4.1, Thu Sep 20 13:46:17 2018 CEST <raruidol@Ramons-MacBook-Pro.local>
# name: w
# type: matrix
# rows: 3
# columns: 2
 1240 -1240
 7.525 -7.525
 -958.6 958.6


