# Created by Octave 4.4.1, Thu Sep 20 13:47:50 2018 CEST <raruidol@Ramons-MacBook-Pro.local>
# name: w
# type: matrix
# rows: 1281
# columns: 2
 -33 33
 -2286 2286
 -5024 5024
 2188 -2188
 -4806 4806
 6184 -6184
 -1535 1535
 1.377e+04 -1.377e+04
 1.064e+04 -1.064e+04
 6538 -6538
 6845 -6845
 -9439 9439
 -1639 1639
 -6920 6920
 119.9 -119.9
 2874 -2874
 5271 -5271
 1280 -1280
 390.1 -390.1
 5033 -5033
 -1848 1848
 -2533 2533
 -3987 3987
 -6463 6463
 3122 -3122
 -553.3 553.3
 -379.8 379.8
 -2735 2735
 -201.9 201.9
 2736 -2736
 -1843 1843
 -2800 2800
 1.225e+04 -1.225e+04
 -2228 2228
 -5887 5887
 2006 -2006
 -705 705
 -1685 1685
 -6983 6983
 9233 -9233
 -2024 2024
 -4493 4493
 -1250 1250
 1727 -1727
 -8475 8475
 -3670 3670
 -193.9 193.9
 -3649 3649
 1544 -1544
 -5613 5613
 -2733 2733
 1415 -1415
 -1122 1122
 3163 -3163
 1.006e+04 -1.006e+04
 1544 -1544
 -4745 4745
 4014 -4014
 -736.1 736.1
 -2094 2094
 -4358 4358
 -24.93 24.93
 1482 -1482
 -4937 4937
 -9291 9291
 -2294 2294
 74.89 -74.89
 -554.1 554.1
 1269 -1269
 1.068e+04 -1.068e+04
 1392 -1392
 683.4 -683.4
 -381 381
 -3099 3099
 3311 -3311
 -1830 1830
 6957 -6957
 5639 -5639
 4126 -4126
 3052 -3052
 328.1 -328.1
 2904 -2904
 -99.16 99.16
 2874 -2874
 137.4 -137.4
 2805 -2805
 695.7 -695.7
 53.67 -53.67
 -8763 8763
 175.5 -175.5
 -4700 4700
 -1935 1935
 1934 -1934
 -710 710
 -47.6 47.6
 4838 -4838
 -1696 1696
 -1983 1983
 462.7 -462.7
 727.6 -727.6
 -765.1 765.1
 3533 -3533
 -3987 3987
 -2444 2444
 -5438 5438
 6272 -6272
 395.8 -395.8
 -1283 1283
 24 -24
 -585.8 585.8
 -6101 6101
 -3075 3075
 3564 -3564
 1776 -1776
 -9677 9677
 -6633 6633
 3108 -3108
 -571.7 571.7
 -3146 3146
 -3954 3954
 1364 -1364
 2974 -2974
 1326 -1326
 4950 -4950
 2328 -2328
 -2287 2287
 1072 -1072
 1347 -1347
 2348 -2348
 1196 -1196
 1799 -1799
 2229 -2229
 -944.8 944.8
 -4990 4990
 1474 -1474
 747.3 -747.3
 -1118 1118
 1252 -1252
 -1740 1740
 270.8 -270.8
 -48 48
 628.5 -628.5
 622.2 -622.2
 -3107 3107
 -6908 6908
 -5201 5201
 4018 -4018
 3790 -3790
 4842 -4842
 509.6 -509.6
 1.194e+04 -1.194e+04
 -145.2 145.2
 2193 -2193
 6339 -6339
 4752 -4752
 3241 -3241
 -1888 1888
 222.5 -222.5
 -2503 2503
 -3366 3366
 -1246 1246
 2543 -2543
 -1.727e+04 1.727e+04
 -1810 1810
 494 -494
 -4429 4429
 -3369 3369
 -4072 4072
 -1151 1151
 -2996 2996
 2641 -2641
 2187 -2187
 1.005e+04 -1.005e+04
 1068 -1068
 -418 418
 1246 -1246
 3566 -3566
 2897 -2897
 111.4 -111.4
 3156 -3156
 3176 -3176
 -3272 3272
 -2306 2306
 -2158 2158
 1427 -1427
 1449 -1449
 3161 -3161
 -5958 5958
 -5227 5227
 -1424 1424
 3570 -3570
 -2713 2713
 1674 -1674
 597.2 -597.2
 603.1 -603.1
 1917 -1917
 -2449 2449
 3546 -3546
 7927 -7927
 -1913 1913
 -3948 3948
 -5165 5165
 5505 -5505
 326.5 -326.5
 243.4 -243.4
 -2580 2580
 -2136 2136
 -1671 1671
 -4058 4058
 6648 -6648
 -6154 6154
 -2105 2105
 -4113 4113
 -1221 1221
 2154 -2154
 -6298 6298
 -1689 1689
 -3780 3780
 883.5 -883.5
 -2850 2850
 -7671 7671
 4121 -4121
 1010 -1010
 2397 -2397
 -708.2 708.2
 -402.5 402.5
 1757 -1757
 2452 -2452
 4200 -4200
 3778 -3778
 -3810 3810
 1.282e+04 -1.282e+04
 -3535 3535
 -2615 2615
 -3084 3084
 -3391 3391
 2772 -2772
 -503.8 503.8
 -4201 4201
 -3185 3185
 -2662 2662
 1825 -1825
 -1553 1553
 2306 -2306
 -7069 7069
 -5188 5188
 1765 -1765
 -839.2 839.2
 -2010 2010
 -62.32 62.32
 1956 -1956
 -1874 1874
 3302 -3302
 -4488 4488
 562.8 -562.8
 -299.7 299.7
 -3301 3301
 -7244 7244
 3144 -3144
 1342 -1342
 4059 -4059
 1813 -1813
 2352 -2352
 -74.3 74.3
 297.7 -297.7
 -1091 1091
 -6088 6088
 -4496 4496
 -4029 4029
 5098 -5098
 4415 -4415
 -4115 4115
 -7134 7134
 -127.9 127.9
 5258 -5258
 -197.1 197.1
 -5846 5846
 -5670 5670
 -6100 6100
 -4885 4885
 -1537 1537
 5949 -5949
 -3601 3601
 -453.8 453.8
 -761.2 761.2
 -8314 8314
 2789 -2789
 4513 -4513
 3879 -3879
 -5142 5142
 -6612 6612
 2248 -2248
 1187 -1187
 1640 -1640
 366.4 -366.4
 -2217 2217
 6131 -6131
 6854 -6854
 -3822 3822
 -6819 6819
 4822 -4822
 694.1 -694.1
 589.5 -589.5
 -1382 1382
 -6840 6840
 3072 -3072
 -5115 5115
 3773 -3773
 7076 -7076
 -1127 1127
 2080 -2080
 277.4 -277.4
 -4730 4730
 -6224 6224
 -435.1 435.1
 -1.47e+04 1.47e+04
 1903 -1903
 7368 -7368
 2935 -2935
 -1107 1107
 1977 -1977
 -4480 4480
 484.1 -484.1
 1816 -1816
 -2040 2040
 -4433 4433
 4859 -4859
 -423.9 423.9
 -9572 9572
 -5693 5693
 -2313 2313
 820.2 -820.2
 -1770 1770
 537.4 -537.4
 6025 -6025
 -6350 6350
 981.9 -981.9
 3210 -3210
 -8418 8418
 -592.9 592.9
 475.8 -475.8
 -3369 3369
 -755.2 755.2
 4927 -4927
 4635 -4635
 1326 -1326
 -3283 3283
 2120 -2120
 6428 -6428
 1970 -1970
 -2767 2767
 2714 -2714
 -1049 1049
 -1773 1773
 -4296 4296
 -19.66 19.66
 -3563 3563
 342.3 -342.3
 4152 -4152
 -7685 7685
 1362 -1362
 2120 -2120
 -7321 7321
 -2996 2996
 2760 -2760
 -540.9 540.9
 3323 -3323
 -1454 1454
 -526.6 526.6
 -4105 4105
 8515 -8515
 -1213 1213
 1210 -1210
 -3209 3209
 -178.7 178.7
 3388 -3388
 6170 -6170
 2083 -2083
 -6799 6799
 -5152 5152
 3459 -3459
 -547.5 547.5
 1372 -1372
 -2747 2747
 -775.6 775.6
 -132.9 132.9
 -620.5 620.5
 -8768 8768
 1906 -1906
 -3324 3324
 3746 -3746
 -4822 4822
 1243 -1243
 8956 -8956
 -1231 1231
 6472 -6472
 -3775 3775
 3984 -3984
 1459 -1459
 -916 916
 3511 -3511
 -6956 6956
 -7264 7264
 -6422 6422
 1989 -1989
 -5088 5088
 792.1 -792.1
 -6267 6267
 5423 -5423
 -451.8 451.8
 -2406 2406
 -1903 1903
 -660.1 660.1
 -234 234
 -491.9 491.9
 -1081 1081
 6408 -6408
 -4570 4570
 -6306 6306
 1893 -1893
 897.8 -897.8
 5904 -5904
 -2936 2936
 -6405 6405
 -2224 2224
 6780 -6780
 367.8 -367.8
 -1458 1458
 -4143 4143
 -6722 6722
 731.1 -731.1
 4526 -4526
 -5821 5821
 -941.1 941.1
 2671 -2671
 -1165 1165
 7465 -7465
 -1922 1922
 2061 -2061
 772.3 -772.3
 -2977 2977
 -0.035 0.035
 -8410 8410
 2962 -2962
 -1330 1330
 -2357 2357
 -278.6 278.6
 -963.1 963.1
 4127 -4127
 1515 -1515
 -2053 2053
 1359 -1359
 131.3 -131.3
 1634 -1634
 3621 -3621
 -4376 4376
 744.6 -744.6
 -1973 1973
 -2268 2268
 -2553 2553
 -1607 1607
 5920 -5920
 2480 -2480
 -740.8 740.8
 -4946 4946
 -4836 4836
 -1330 1330
 -1495 1495
 -1965 1965
 227.1 -227.1
 5535 -5535
 5820 -5820
 678.1 -678.1
 -801 801
 2566 -2566
 1882 -1882
 -1.033e+04 1.033e+04
 -1100 1100
 1.11e+04 -1.11e+04
 826.2 -826.2
 1972 -1972
 -3843 3843
 -1707 1707
 -4625 4625
 -1505 1505
 -3569 3569
 -1491 1491
 -3685 3685
 971.9 -971.9
 5021 -5021
 155.8 -155.8
 2684 -2684
 -2048 2048
 -2340 2340
 2344 -2344
 -6017 6017
 -901.4 901.4
 5790 -5790
 -4327 4327
 -1597 1597
 -1380 1380
 2180 -2180
 1957 -1957
 3271 -3271
 -2141 2141
 -716.6 716.6
 1663 -1663
 -8427 8427
 4275 -4275
 1373 -1373
 -4233 4233
 -1921 1921
 -3785 3785
 2776 -2776
 2643 -2643
 -305.4 305.4
 3115 -3115
 2833 -2833
 -865.9 865.9
 3651 -3651
 -842.3 842.3
 -2500 2500
 -4855 4855
 821.2 -821.2
 -5136 5136
 3402 -3402
 -3603 3603
 -4530 4530
 13.51 -13.51
 2208 -2208
 -469.2 469.2
 -2887 2887
 -482.5 482.5
 -3868 3868
 4907 -4907
 142.6 -142.6
 -2930 2930
 -3349 3349
 2890 -2890
 -1655 1655
 225.9 -225.9
 4994 -4994
 3557 -3557
 7244 -7244
 1828 -1828
 -2371 2371
 -4612 4612
 3967 -3967
 -2611 2611
 1387 -1387
 214.4 -214.4
 8175 -8175
 3900 -3900
 -4508 4508
 6138 -6138
 1.327e+04 -1.327e+04
 6572 -6572
 6056 -6056
 6710 -6710
 -1146 1146
 -369.4 369.4
 -3433 3433
 6668 -6668
 612.5 -612.5
 -4044 4044
 2567 -2567
 207.9 -207.9
 -3097 3097
 1330 -1330
 -574.9 574.9
 -1045 1045
 2986 -2986
 2996 -2996
 6484 -6484
 -2862 2862
 -3212 3212
 -6340 6340
 -2062 2062
 -2205 2205
 -6756 6756
 -4859 4859
 -2386 2386
 685.2 -685.2
 -8271 8271
 -3502 3502
 -3740 3740
 -2943 2943
 -2215 2215
 1688 -1688
 109.2 -109.2
 -5504 5504
 -1536 1536
 -444 444
 6146 -6146
 5420 -5420
 7227 -7227
 -6254 6254
 -597 597
 6047 -6047
 820.9 -820.9
 -2489 2489
 4813 -4813
 -1189 1189
 -1321 1321
 -889.4 889.4
 -2581 2581
 3345 -3345
 -7811 7811
 2297 -2297
 4569 -4569
 1630 -1630
 -1321 1321
 2080 -2080
 8748 -8748
 -4365 4365
 901.2 -901.2
 4215 -4215
 3915 -3915
 -2988 2988
 -5465 5465
 4765 -4765
 -3212 3212
 2885 -2885
 -1894 1894
 3439 -3439
 -6731 6731
 705.5 -705.5
 -5539 5539
