# Created by Octave 4.4.1, Thu Sep 20 13:59:10 2018 CEST <raruidol@Ramons-MacBook-Pro.local>
# name: w
# type: matrix
# rows: 2001
# columns: 2
 0 0
 70.53 -70.53
 -155.4 155.4
 736.6 -736.6
 0.2464 -0.2464
 223 -223
 800.1 -800.1
 -352.5 352.5
 510.5 -510.5
 48.68 -48.68
 298.5 -298.5
 -143.3 143.3
 -36.85 36.85
 369.7 -369.7
 -108.3 108.3
 -713 713
 469.2 -469.2
 -615.5 615.5
 715.9 -715.9
 -367.6 367.6
 -631.5 631.5
 -607.7 607.7
 69.73 -69.73
 -331.9 331.9
 -713.8 713.8
 -838.9 838.9
 -74.35 74.35
 7.363 -7.363
 -569.3 569.3
 181 -181
 -348.9 348.9
 715.6 -715.6
 686.3 -686.3
 125.5 -125.5
 564 -564
 -1506 1506
 -621.8 621.8
 -390.8 390.8
 -202.4 202.4
 -254 254
 -268.1 268.1
 671.3 -671.3
 -58.22 58.22
 -515.2 515.2
 -125.5 125.5
 615.5 -615.5
 -359.1 359.1
 976 -976
 313.6 -313.6
 594 -594
 100.3 -100.3
 -308.4 308.4
 -28.01 28.01
 -1020 1020
 -7.468 7.468
 405.1 -405.1
 -293.7 293.7
 78.72 -78.72
 -239.4 239.4
 552.9 -552.9
 485.1 -485.1
 -618.4 618.4
 -450.4 450.4
 222.7 -222.7
 -115.3 115.3
 19 -19
 649.2 -649.2
 -188.5 188.5
 723.8 -723.8
 -93.82 93.82
 -230.7 230.7
 -1079 1079
 154.7 -154.7
 854.7 -854.7
 1584 -1584
 -1202 1202
 -1828 1828
 -268.5 268.5
 519.9 -519.9
 -629.5 629.5
 542.4 -542.4
 -86.15 86.15
 -712.4 712.4
 -226.7 226.7
 1015 -1015
 -11.08 11.08
 -603.7 603.7
 -848.8 848.8
 -437.6 437.6
 -3.121 3.121
 263.8 -263.8
 587.3 -587.3
 135 -135
 -282.8 282.8
 1179 -1179
 -100.7 100.7
 -157.6 157.6
 1335 -1335
 329.8 -329.8
 -587.2 587.2
 59.49 -59.49
 977.3 -977.3
 -390.9 390.9
 555.9 -555.9
 678.9 -678.9
 34.42 -34.42
 421.8 -421.8
 -229.8 229.8
 181.7 -181.7
 236.8 -236.8
 288.1 -288.1
 -491.8 491.8
 -624.1 624.1
 145.8 -145.8
 187.8 -187.8
 -1522 1522
 219.8 -219.8
 72.93 -72.93
 -363.3 363.3
 -1080 1080
 62.52 -62.52
 956.2 -956.2
 -1514 1514
 688.2 -688.2
 252.7 -252.7
 -1503 1503
 -253.3 253.3
 -568.5 568.5
 561.8 -561.8
 459.3 -459.3
 384 -384
 185.2 -185.2
 213.4 -213.4
 102 -102
 62.53 -62.53
 109.3 -109.3
 354.5 -354.5
 -2443 2443
 -362.9 362.9
 162.1 -162.1
 480.8 -480.8
 -315.4 315.4
 364.9 -364.9
 773.3 -773.3
 706.2 -706.2
 579 -579
 1681 -1681
 -179.3 179.3
 -80.68 80.68
 220.3 -220.3
 114.9 -114.9
 -320.8 320.8
 -116.8 116.8
 15.68 -15.68
 54.48 -54.48
 56.9 -56.9
 -103 103
 265.6 -265.6
 -702.4 702.4
 67.31 -67.31
 -385.6 385.6
 215.3 -215.3
 -327.2 327.2
 -995.4 995.4
 358 -358
 1938 -1938
 364.2 -364.2
 141.3 -141.3
 429.3 -429.3
 -100.1 100.1
 427 -427
 543.4 -543.4
 -45.99 45.99
 949.2 -949.2
 479.7 -479.7
 -228.7 228.7
 -747.6 747.6
 798.8 -798.8
 -670.5 670.5
 -81.45 81.45
 -151.5 151.5
 -1173 1173
 -1414 1414
 719.9 -719.9
 -10.51 10.51
 519.7 -519.7
 1401 -1401
 -1074 1074
 413.7 -413.7
 -423.4 423.4
 -189.2 189.2
 -102.5 102.5
 156.8 -156.8
 -142.5 142.5
 -910.6 910.6
 -557.4 557.4
 -233.8 233.8
 -421.2 421.2
 3.933 -3.933
 1590 -1590
 200.1 -200.1
 -620.6 620.6
 -487.2 487.2
 -329.8 329.8
 -465.7 465.7
 -272.9 272.9
 -435.8 435.8
 -249.9 249.9
 -578.6 578.6
 746.7 -746.7
 -1355 1355
 225.5 -225.5
 -295.1 295.1
 465.9 -465.9
 244.3 -244.3
 1092 -1092
 -802.2 802.2
 -527.4 527.4
 218.7 -218.7
 1159 -1159
 -323.8 323.8
 812.1 -812.1
 931.6 -931.6
 449.4 -449.4
 208.5 -208.5
 740 -740
 -182.9 182.9
 284.6 -284.6
 410.6 -410.6
 -799.9 799.9
 -147.5 147.5
 770.9 -770.9
 582.6 -582.6
 -522.2 522.2
 338.5 -338.5
 -218.6 218.6
 294.6 -294.6
 -101 101
 1002 -1002
 17.62 -17.62
 -381.3 381.3
 -336 336
 48.48 -48.48
 -690.3 690.3
 -991 991
 -744.2 744.2
 416.3 -416.3
 -768 768
 -525 525
 -1012 1012
 454.6 -454.6
 525 -525
 409.7 -409.7
 570.4 -570.4
 -952.7 952.7
 899.6 -899.6
 -521.2 521.2
 776.2 -776.2
 1185 -1185
 -46.46 46.46
 1694 -1694
 -203.9 203.9
 -139.3 139.3
 -364.2 364.2
 1173 -1173
 -119.6 119.6
 375 -375
 -224.3 224.3
 -36.06 36.06
 1013 -1013
 -624.5 624.5
 -835.8 835.8
 -412.9 412.9
 -64.04 64.04
 321.9 -321.9
 607 -607
 -160.5 160.5
 84.04 -84.04
 -410.5 410.5
 57.62 -57.62
 -217.2 217.2
 -83.93 83.93
 158.9 -158.9
 -325.9 325.9
 1342 -1342
 164.8 -164.8
 -201.2 201.2
 -36.43 36.43
 492 -492
 -514.1 514.1
 -117.1 117.1
 -1894 1894
 1702 -1702
 199.7 -199.7
 552.4 -552.4
 326.2 -326.2
 -1276 1276
 -305.3 305.3
 136.7 -136.7
 -361.3 361.3
 -705.1 705.1
 -550.2 550.2
 14.79 -14.79
 -668.4 668.4
 204.7 -204.7
 -116.3 116.3
 430.2 -430.2
 -77.44 77.44
 -771.3 771.3
 78.85 -78.85
 425.2 -425.2
 1283 -1283
 -1206 1206
 -1023 1023
 309.6 -309.6
 -406 406
 -6.59 6.59
 317.8 -317.8
 -589.1 589.1
 483.5 -483.5
 977.5 -977.5
 2387 -2387
 570.9 -570.9
 -462.4 462.4
 -452.2 452.2
 280.3 -280.3
 880 -880
 -512.7 512.7
 -535.7 535.7
 186.4 -186.4
 -565.1 565.1
 594.1 -594.1
 -109.7 109.7
 -203.7 203.7
 173.8 -173.8
 176.5 -176.5
 -15.26 15.26
 347.7 -347.7
 -60.38 60.38
 1426 -1426
 271.1 -271.1
 -444.7 444.7
 21.03 -21.03
 -25.21 25.21
 -476.1 476.1
 6.208 -6.208
 643.6 -643.6
 556.7 -556.7
 1159 -1159
 1013 -1013
 -59.44 59.44
 -203.1 203.1
 -653.9 653.9
 -470.3 470.3
 -3.376 3.376
 278.9 -278.9
 -1076 1076
 -110.9 110.9
 86.16 -86.16
 503.3 -503.3
 -534.8 534.8
 -509.6 509.6
 -81.86 81.86
 950.3 -950.3
 -336.4 336.4
 216.1 -216.1
 578.1 -578.1
 9.598 -9.598
 -106.8 106.8
 -1772 1772
 268.4 -268.4
 518.5 -518.5
 -283.6 283.6
 -1688 1688
 -1165 1165
 63.86 -63.86
 569.2 -569.2
 981.2 -981.2
 477.9 -477.9
 -899.6 899.6
 -208.6 208.6
 -987.7 987.7
 80.87 -80.87
 -930.5 930.5
 806.5 -806.5
 727.2 -727.2
 85.57 -85.57
 1293 -1293
 797.6 -797.6
 -530.6 530.6
 -36.07 36.07
 -513.6 513.6
 9.058 -9.058
 -592.6 592.6
 429 -429
 29.85 -29.85
 153.2 -153.2
 435.4 -435.4
 -731.3 731.3
 354.4 -354.4
 -212.1 212.1
 -936.6 936.6
 -213.4 213.4
 -229.6 229.6
 -460.6 460.6
 -932.3 932.3
 -230.4 230.4
 3.088 -3.088
 -139.8 139.8
 1312 -1312
 -31.37 31.37
 246.1 -246.1
 -196.9 196.9
 152.5 -152.5
 -1328 1328
 185.4 -185.4
 1590 -1590
 -436.6 436.6
 777.3 -777.3
 -192.4 192.4
 856.1 -856.1
 -259 259
 1484 -1484
 -25.4 25.4
 -236.4 236.4
 -576 576
 -68.1 68.1
 -255.2 255.2
 -144.5 144.5
 566 -566
 869.5 -869.5
 -228.7 228.7
 326.9 -326.9
 -221.4 221.4
 -1399 1399
 -204.2 204.2
 -614.7 614.7
 59.18 -59.18
 -933 933
 -252.2 252.2
 564.7 -564.7
 383.4 -383.4
 -541.6 541.6
 406.9 -406.9
 -171.1 171.1
 133.7 -133.7
 272.5 -272.5
 -78.93 78.93
 26.12 -26.12
 1333 -1333
 -2.037 2.037
 -303 303
 705.6 -705.6
 -53.45 53.45
 295 -295
 905.6 -905.6
 405.1 -405.1
 1257 -1257
 -134.8 134.8
 -293 293
 -445 445
 640.3 -640.3
 565.2 -565.2
 -253.4 253.4
 898.8 -898.8
 108 -108
 211 -211
 -455.1 455.1
 355.8 -355.8
 19.32 -19.32
 -740.7 740.7
 577.7 -577.7
 39.41 -39.41
 -621.7 621.7
 361.4 -361.4
 1349 -1349
 305.4 -305.4
 -60.93 60.93
 -256.9 256.9
 -113.6 113.6
 -27.01 27.01
 -68.69 68.69
 165.6 -165.6
 416.9 -416.9
 102.2 -102.2
 6.565 -6.565
 50.59 -50.59
 -1814 1814
 4.043 -4.043
 245.4 -245.4
 -368.1 368.1
 0.3259 -0.3259
 -212.7 212.7
 -391.5 391.5
 -158.7 158.7
 -1123 1123
 -187.8 187.8
 -628.9 628.9
 1646 -1646
 -1678 1678
 -35.07 35.07
 913.7 -913.7
 -1079 1079
 106.7 -106.7
 92.75 -92.75
 -1125 1125
 -956.8 956.8
 -521.3 521.3
 31.68 -31.68
 835.6 -835.6
 -159.2 159.2
 -168.2 168.2
 -167.1 167.1
 -586.4 586.4
 -322.1 322.1
 -129.3 129.3
 -957.2 957.2
 -221.7 221.7
 -302.4 302.4
 -926.6 926.6
 77.28 -77.28
 883.8 -883.8
 -797.1 797.1
 991 -991
 -499.3 499.3
 -96.95 96.95
 -157.4 157.4
 473.4 -473.4
 -13.87 13.87
 -48.17 48.17
 951.6 -951.6
 256.3 -256.3
 -813.8 813.8
 365 -365
 362.3 -362.3
 -968.3 968.3
 549.7 -549.7
 -85.49 85.49
 1346 -1346
 -78.89 78.89
 -1005 1005
 -547.3 547.3
 -423.2 423.2
 557.4 -557.4
 740.1 -740.1
 -1305 1305
 1264 -1264
 -705 705
 -473.1 473.1
 -125.5 125.5
 421.5 -421.5
 376.5 -376.5
 747.6 -747.6
 -674.7 674.7
 480.6 -480.6
 8.028 -8.028
 -133.2 133.2
 -15.14 15.14
 -378.5 378.5
 -511.7 511.7
 684.3 -684.3
 -799.4 799.4
 -112.1 112.1
 92.39 -92.39
 429.8 -429.8
 -1207 1207
 568.5 -568.5
 156.6 -156.6
 371.3 -371.3
 -694.3 694.3
 -385.7 385.7
 10.35 -10.35
 -326.6 326.6
 1674 -1674
 -313.1 313.1
 -434.6 434.6
 -50.28 50.28
 1307 -1307
 213.4 -213.4
 82.91 -82.91
 357 -357
 113.4 -113.4
 -541.6 541.6
