# Created by Octave 4.4.1, Wed Oct 03 18:55:05 2018 CEST <raruidol@wifialu51-180.wi-fi.upv.es>
# name: data
# type: matrix
# rows: 200
# columns: 3
 0.42362 0.65848 1
 0.31716 0.46507 1
 0.19972 0.46708 1
 0.26442 0.57475 1
 0.26936 0.4954 1
 0.24437 0.42203 1
 0.27612 0.4212 1
 0.18488 0.3616 1
 0.27647 0.41744 1
 0.3084 0.50421 1
 0.44646 0.5711 1
 0.34577 0.55289 1
 0.30366 0.48059 1
 0.26091 0.47785 1
 0.44096 0.69978 1
 0.32599 0.57964 1
 0.18058 0.36966 1
 0.374 0.66196 1
 0.23969 0.49146 1
 0.29965 0.53541 1
 0.3188 0.50074 1
 0.27717 0.39656 1
 0.30189 0.51149 1
 0.30388 0.571 1
 0.39667 0.62217 1
 0.26653 0.37293 1
 0.36257 0.52901 1
 0.24139 0.45273 1
 0.23881 0.3102 1
 0.36063 0.60868 1
 0.24332 0.39047 1
 0.24593 0.31149 1
 0.27954 0.39001 1
 0.39193 0.61724 1
 0.30465 0.47832 1
 0.34724 0.47359 1
 0.34498 0.62311 1
 0.33798 0.52654 1
 0.33765 0.58334 1
 0.40609 0.58827 1
 0.39922 0.60078 1
 0.28954 0.50863 1
 0.3068 0.47493 1
 0.23272 0.49505 1
 0.14516 0.39084 1
 0.29603 0.47017 1
 0.32242 0.53653 1
 0.25448 0.53094 1
 0.070704 0.22653 1
 0.35368 0.48856 1
 0.33951 0.56087 1
 0.33304 0.52463 1
 0.20285 0.31609 1
 0.27985 0.4881 1
 0.28383 0.42855 1
 0.36829 0.56325 1
 0.21758 0.38579 1
 0.27302 0.43792 1
 0.19221 0.42452 1
 0.39563 0.67823 1
 0.23001 0.3889 1
 0.24027 0.43795 1
 0.23708 0.41405 1
 0.21253 0.3435 1
 0.28781 0.47628 1
 0.3436 0.55349 1
 0.26116 0.49461 1
 0.26456 0.43834 1
 0.25952 0.50277 1
 0.31865 0.47416 1
 0.27499 0.45962 1
 0.37745 0.5478 1
 0.32603 0.52878 1
 0.25006 0.4422 1
 0.22592 0.47285 1
 0.23193 0.48052 1
 0.35783 0.48277 1
 0.36514 0.59544 1
 0.34092 0.5524 1
 0.25591 0.49639 1
 0.17312 0.4082 1
 0.21871 0.41413 1
 0.25114 0.44177 1
 0.25985 0.45743 1
 0.35769 0.59781 1
 0.35569 0.61292 1
 0.33215 0.53675 1
 0.2726 0.50599 1
 0.34559 0.57648 1
 0.28922 0.44067 1
 0.29685 0.47553 1
 0.37855 0.57917 1
 0.27378 0.45455 1
 0.30234 0.51723 1
 0.25376 0.38035 1
 0.35545 0.57622 1
 0.23023 0.2577 1
 0.34845 0.59038 1
 0.33358 0.58243 1
 0.14003 0.27219 1
 0.70047 0.57371 2
 0.56574 0.40007 2
 0.46565 0.47508 2
 0.62681 0.51048 2
 0.53327 0.52381 2
 0.61675 0.45161 2
 0.67127 0.74748 2
 0.53171 0.53628 2
 0.82486 0.55653 2
 0.58903 0.53554 2
 0.56991 0.50526 2
 0.60808 0.71657 2
 0.5205 0.57117 2
 0.60867 0.65546 2
 0.76672 0.45983 2
 0.4962 0.52576 2
 0.83167 0.59587 2
 0.61382 0.36757 2
 0.80352 0.49497 2
 0.69392 0.50581 2
 0.77537 0.74468 2
 0.65924 0.49936 2
 0.74652 0.60386 2
 0.62104 0.5034 2
 0.73528 0.53416 2
 0.65029 0.32597 2
 0.64885 0.44395 2
 0.39218 0.45835 2
 0.49359 0.48537 2
 0.58595 0.55373 2
 0.64382 0.3621 2
 0.50846 0.45753 2
 0.41313 0.61717 2
 0.61922 0.33248 2
 0.82354 0.57382 2
 0.7461 0.46883 2
 0.75739 0.45919 2
 0.74943 0.38603 2
 0.71846 0.56934 2
 0.72733 0.57059 2
 0.80423 0.47342 2
 0.43893 0.4936 2
 0.59222 0.59849 2
 0.61932 0.60383 2
 0.64081 0.4194 2
 0.54939 0.70165 2
 0.66264 0.48158 2
 0.5585 0.49235 2
 0.64533 0.42082 2
 0.51622 0.63575 2
 0.56804 0.66268 2
 0.6444 0.48962 2
 0.55391 0.39422 2
 0.68511 0.43831 2
 0.60281 0.62519 2
 0.55733 0.52829 2
 0.50202 0.47706 2
 0.56824 0.50941 2
 0.57318 0.35794 2
 0.7335 0.43671 2
 0.64566 0.34119 2
 0.57968 0.49134 2
 0.58264 0.35185 2
 0.31599 0.58569 2
 0.67478 0.55364 2
 0.66362 0.41873 2
 0.41357 0.50453 2
 0.55393 0.59511 2
 0.51405 0.47803 2
 0.55558 0.56954 2
 0.76528 0.41174 2
 0.6412 0.35405 2
 0.55712 0.40978 2
 0.80929 0.65023 2
 0.45285 0.50592 2
 0.762 0.57028 2
 0.40865 0.33446 2
 0.65258 0.49137 2
 0.76837 0.49428 2
 0.61375 0.59483 2
 0.59554 0.50732 2
 0.81211 0.49191 2
 0.5501 0.46346 2
 0.60818 0.4638 2
 0.5549 0.42144 2
 0.60924 0.52638 2
 0.47704 0.50626 2
 0.47381 0.7202 2
 0.58242 0.34568 2
 0.68377 0.48743 2
 0.45191 0.60532 2
 0.6075 0.3647 2
 0.46241 0.46767 2
 0.35018 0.37533 2
 0.71103 0.67018 2
 0.57346 0.52781 2
 0.43515 0.40178 2
 0.48982 0.59571 2
 0.40755 0.39041 2
 0.44731 0.49041 2


