gauss2D
677 10000 6.8
I=[0.063, 0.073]
mat =

   4395    589
     88   4928

gender
228 474 48.1
I=[0.436, 0.526]
mat =

   246     0
   228     0

iris
7 132 5.3
I=[0.015, 0.091]
mat =

   44    0    0
    0   40    4
    0    3   41

news
2266 4996 45.4
I=[0.440, 0.467]
mat =

 Columns 1 through 13:

   133     0     0     0     2     2     0     1     0     2     2     6     0
     4    83    32    13     6    38     5     3     0     2     5     5     0
     1     6   142    24     5    63     0     0     0     0     4     3     2
     6     6    31   153     6    29     6     1     0     1     0     9     1
     6     6    16    51   113    11     3     3     0     1     4     5     1
     6    15    24    12     1   118     1     0     0     0     0     6     0
     0     7     2    31     8    22    95     6     1     1    10     4     0
     8     0     1     6     2     4    14   141     3     4     2     6     2
     1     0     0     5     2     0     6    13   157     1     4     2     2
     3     2     2     0     0     4     1     1     1   130    96     3     0
     2     2     0     1     1     2     0     0     0    25   229     0     0
     5     3     3     2     3     3     0     0     0     0     1   228     0
     6     9     8    25     0    23     4     7     2     8    11    25     5
    25     1     1     2     1    13     0     2     0     6     4     4     0
    10     7     4     5     5     5     0     0     0     2     3     7     0
    25     0     1     0     0     2     0     0     0     1     0     0     0
     3     0     1     1     1     5     0     0     0     2     1     3     0
     7     1     1     0     0     4     0     1     0     0     0     2     0
    14     0     1     2     1     0     1     1     1     3     0    11     0
    54     0     0     0     3     2     0     1     0     0     5     8     0

 Columns 14 through 20:

     0     5    45    15    18    18    36
     0    10     0     1     4     5     2
     1     3     2     2     1     6     0
     3     5     1     2     1     6     1
     0     6     2     4     1     8     0
     1     7     0     6     4     6     2
     0     4     4     7     1     3     1
     0     1     1    11    11    13     2
     0     3     1     4     3    13     3
     0     1     0     2     6     9     0
     0     4     5     1     1     6     2
     1     2     1     7     6    24     2
     0    15     3     3     6    16     2
    10    22     5     8    21    29     2
     1   157     2     1    12    21    10
     0     2   247     1    10     5    30
     1     2     2   153    17    60    16
     0     2     3     5   250    24     0
     0     7     6    49    41   117    12
     0     6    45    35    21    24    69

ocr20x20
1 300 0.3
I=[-0.003, 0.010]
mat =

   29    0    0    0    0    0    0    0    0    0
    0   38    0    0    0    0    0    0    0    0
    0    0   15    0    0    0    0    0    0    0
    0    0    0   28    0    0    0    0    0    0
    0    0    0    0   35    0    0    0    0    0
    0    0    0    0    0   28    0    0    0    0
    0    0    0    0    0    0   25    0    0    0
    0    0    0    0    0    0    0   32    0    0
    0    0    0    0    0    0    0    0   29    1
    0    0    0    0    0    0    0    0    0   40

videos
670 1348 49.7
I=[0.470, 0.524]
mat =

   678     0
   670     0
