gauss2D
906 10000 9.1
I=[0.085, 0.096]
mat =

   4096    888
     18   4998

gender
228 474 48.1
I=[0.436, 0.526]
mat =

   246     0
   228     0

iris
10 132 7.6
I=[0.031, 0.121]
mat =

   44    0    0
    0   35    9
    0    1   43

news
2415 4996 48.3
I=[0.470, 0.497]
mat =

 Columns 1 through 13:

   141     3     0     0     6     0     2     2     0     2     2     7     0
     2   103    19    14     8    30     3     2     0     4     5     5     0
     1    10   128    32     6    63     0     2     0     2     2     2     0
     8    22    16   158     3    20     5     2     0     0     1    11     0
     3    14     7    60   108     9     4     0     0     1     3     7     0
     5    32    13    16     1   105     0     0     0     0     0    11     0
     1    26     4    44     7     6    71     9     1     0    14     3     0
    10     6     2    11     3     4     5   135     1     7     3    10     0
     4     1     0     9     3     2     1    17   136     2     4     3     0
     5     4     0     4     1     2     0     1     1   114   105     3     0
     4     3     0     0     1     6     0     0     0    29   221     1     0
     5     4     1     3     1     5     0     2     0     1     0   222     0
     5    29     3    29     1     8     5     7     1     6    11    23     1
    27    16     0     3     1     5     0     3     0     6     4     6     0
    10    18     1     6     6     1     0     0     0     0     5     2     0
    30     2     1     0     0     1     0     0     0     2     0     1     0
     7     6     1     2     0     4     1     0     0     2     1     3     0
    12     9     1     0     0     5     0     2     0     1     0     8     0
    17     5     0     4     1     2     1     0     1     4     0    14     0
    66     4     0     0     8     0     0     3     0     0     5     2     0

 Columns 14 through 20:

     0     9    40    12     3    29    27
     0     8     1     1     0    13     0
     0     2     0     3     0    12     0
     2     5     1     0     0    13     1
     0    12     2     2     0     6     3
     0    12     1     4     0     9     0
     2     8     4     4     0     3     0
     0     3     1     6     0    23     2
     0     7     0     6     0    24     1
     0     7     0     3     2     9     0
     0     5     2     1     0     7     1
     0     4     1     8     0    32     2
     0    19     3     2     0    23     2
     0    29     6     6     2    40     2
     0   161     3     2     2    31     4
     0     3   243     2     2     9    28
     0     6     2   147     6    72     8
     0     5     7     7   200    42     1
     0     7     5    48     8   140    10
     0    10    53    41     6    28    47

ocr20x20
2 300 0.7
I=[-0.003, 0.016]
mat =

   29    0    0    0    0    0    0    0    0    0
    0   38    0    0    0    0    0    0    0    0
    0    0   15    0    0    0    0    0    0    0
    0    0    0   28    0    0    0    0    0    0
    0    0    0    0   35    0    0    0    0    0
    0    0    0    0    0   28    0    0    0    0
    0    0    0    0    0    0   25    0    0    0
    0    0    0    0    0    0    0   31    0    1
    0    0    0    0    0    0    0    0   29    1
    0    0    0    0    0    0    0    0    0   40

videos
670 1348 49.7
I=[0.470, 0.524]
mat =

   678     0
   670     0
