gauss2D
1068 10000 10.7
I=[0.101, 0.113]
mat =

   3922   1062
      6   5010

gender
228 474 48.1
I=[0.436, 0.526]
mat =

   246     0
   228     0

iris
12 132 9.1
I=[0.042, 0.140]
mat =

   44    0    0
    0   34   10
    0    2   42

news
3220 4996 64.5
I=[0.631, 0.658]
mat =

 Columns 1 through 13:

    57     0     0     0    10     0     0     2    24     2     0     1    92
     0    27    16     1     9     4     4     2    12     4     1     0   132
     0    11   133    12     3    18     4     0     8     0     0     1    69
     0     4    19    62     5     3    17     0    12     1     0     1   140
     0     2     2    22    59     2     8     0    10     0     1     1   128
     0     6    14     2     1    39     0     0    10     0     0     4   127
     0     2     5    10     3     0    55    11     2     2     3     0   111
     0     0     0     0     0     0     1   130    10     5     0     0    77
     0     0     0     1     1     0     0    11   166     3     0     0    31
     0     0     0     0     1     0     0     1    12   137    21     0    88
     0     0     0     0     2     0     0     0     6    83   112     0    75
     0     0     0     0     1     1     0     0    19     0     0   118   124
     0     1     3     5     0     0     3     8    13     6     0     1   125
     0     1     0     0     1     2     0     0    18     4     0     0    88
     0     4     0     0     1     0     1     1    22     2     0     0   126
    28     0     1     0     0     0     0     0     8     1     0     0   112
     0     0     0     0     0     0     0     6    13     4     0     0   113
     5     0     0     0     0     2     0     3    24     0     0     1    90
     1     0     0     0     0     0     0     1    24     5     0     1    92
    29     0     0     0     1     0     0     4    27     0     0     0    93

 Columns 14 through 20:

    17     7    31     3     0    29    10
     2     2     1     1     0     0     0
     2     0     0     2     0     2     0
     4     0     0     0     0     0     0
     2     3     0     0     0     1     0
     1     4     0     0     0     1     0
     3     0     0     0     0     0     0
     2     0     0     1     0     6     0
     2     0     0     0     0     5     0
     0     0     0     0     0     1     0
     0     1     0     0     0     1     1
     4     0     0     0     0    24     0
    11     0     0     0     0     2     0
    22     2     3     0     1    14     0
     5    78     0     1     0    10     1
    12     2   143     0     1     2    14
     9     0     0    61     0    56     6
    10     0     1     0   143    19     2
    26     2     0    18     7    86     4
    20     4    34    14     2    22    23

ocr20x20
13 300 4.3
I=[0.020, 0.066]
mat =

   29    0    0    0    0    0    0    0    0    0
    0   38    0    0    0    0    0    0    0    0
    0    0   14    0    1    0    0    0    0    0
    0    0    0   28    0    0    0    0    0    0
    0    0    0    0   32    0    0    0    0    3
    0    0    0    1    0   27    0    0    0    0
    0    0    0    0    0    0   25    0    0    0
    0    1    0    0    0    0    0   28    0    3
    0    0    0    0    0    0    0    0   27    3
    0    0    0    0    1    0    0    0    0   39

videos
670 1348 49.7
I=[0.470, 0.524]
mat =

   678     0
   670     0
