../datos/expressionsTr.gz ../datos/expressionsTe.gz 9 48 18.8
I=[0.053, 0.322]
mat =

   17    0    0    0    0
    4    4    0    0    0
    2    0    6    0    0
    1    0    0    5    0
    2    0    0    0    7
----------------------------------
../datos/gauss2DTr.gz ../datos/gauss2DTe.gz 769 10000 7.7
I=[0.071, 0.083]
mat =

   4456    528
    241   4775
-----------------------------------
../datos/genderTr.gz ../datos/genderTe.gz 84 474 17.7
I=[0.136, 0.219]
mat =

   214    32
    52   176
------------------------------------
../datos/irisTr.gz ../datos/irisTe.gz 112 132 84.8
I=[0.676, 1.021]
mat =

   11   26    7
   36    4    4
   18   21    5
---------------------------------------
../datos/newsTr.gz ../datos/newsTe.gz 2832 4996 56.7
I=[0.544, 0.590]
mat =

   130     6     0     0     8     9     1     1     0     0     1     9     0     0     8    41    10    17    12    32
     1    50     0     4    31   103     3     0     0     1     6     4     0     3     9     1     1     0     1     0
     2    16    12    13    28   178     1     0     0     0     3     3     0     0     6     0     0     3     0     0
     6    25     0    67    64    89     2     0     0     1     1     0     0     2     8     1     0     1     1     0
     1    17     2    24   133    43     6     3     0     1     4     2     0     0     4     0     0     1     0     0
     0    31     0     1    11   145     0     0     0     0     0     5     0     1     7     2     0     1     3     2
     0    12     0     8    42    43    69     5     0     0     7     2     0     6     3     4     1     3     1     1
     4    15     1     6     4    19     7   116     2     0     1     5     0     3    12     1     6    14    11     5
     6     3     2     3     2     4     3    42   118     1     0     2     0     3    15     3     3     3     7     0
     2     5     0     0     3     9     3     1     1    32   182     0     0     3     7     3     1     2     7     0
     1     3     0     0     1     5     2     0     0     1   253     1     0     0     3     2     1     4     4     0
     4     6     0     4     1    14     0     0     0     0     0   223     0     2     5     5     8     6    12     1
     2    28     0     9    22    46     3     9     1     0    10    14     0     7    13     4     1     2     6     1
    23    25     0     1     1    21     0     5     0     1     7     3     0     9    16    13     5     8    14     4
     4    35     0     1     7    28     1     0     0     1     4     7     0     1   131     9     1     2    15     5
    48     2     0     0     0     4     0     0     0     0     1     0     0     0     3   203     2    14     3    44
     5     2     0     1     0    11     4     0     0     0     0    14     0     2    13     3    90    34    70    19
    15     8     0     0     0     7     0     4     0     0     0     2     0     2     3     5     2   230    19     3
    21    10     0     1     1     6     1     1     1     1     3     9     0     5    20     9    24    42    98    14
    67     7     0     1     6     9     0     3     0     0     5     4     0     0     9    45    29    17    16    55

----------------------------------------
../datos/ocr20x20Tr.gz ../datos/ocr20x20Te.gz 17 300 5.7
I=[0.027, 0.086]
mat =

   28    0    0    0    0    0    0    0    1    0
    0   35    0    0    2    0    0    0    0    1
    0    0   14    0    0    1    0    0    0    0
    0    0    0   28    0    0    0    0    0    0
    0    0    0    0   33    2    0    0    0    0
    0    0    0    0    0   28    0    0    0    0
    0    0    0    0    1    0   24    0    0    0
    0    0    0    0    0    0    0   29    0    3
    0    0    0    0    0    0    0    0   27    3
    0    0    0    0    0    0    0    0    3   37
-----------------------------------------
../datos/videosTr.gz ../datos/videosTe.gz 341 1348 25.3
I=[0.223, 0.282]
mat =

   420   258
    83   587
